0 01
0 02
0 03
0 04
0 05
0 06
0 07
0 08
0 09
0 10
1 11
1 12
1 13
1 14
1 15
1 16
1 17
1 18
1 19
1 110
1 111
2 22
2 23
2 24
2 25
2 26
2 27
2 28
2 29
2 210
2 211
2 212
2 213
3 33
3 34
3 35
3 36
3 37
3 38
3 39
3 310
3 311
3 312
3 313
3 314
3 315
4 44
4 45
4 46
4 47
4 48
4 49
4 410
4 411
4 412
4 413
4 414
4 415
4 416
4 417
5 55
5 56
5 57
5 58
5 59
5 510
5 511
5 512
5 513
5 514
5 515
5 516
5 517
5 518
5 519
6 66
6 67
6 68
6 69
6 610
6 611
6 612
6 613
6 614
6 615
6 616
6 617
6 618
6 619
6 620
6 621
7 77
7 78
7 79
7 710
7 711
7 712
7 713
7 714
7 715
7 716
7 717
7 718
7 719
7 720
7 721
7 722
7 723
8 88
8 89
8 810
8 811
8 812
8 813
8 814
8 815
8 816
8 817
8 818
8 819
8 820
8 821
8 822
8 823
8 824
8 825
9 99
9 910
9 911
9 912
9 913
9 914
9 915
9 916
9 917
9 918
9 919
9 920
9 921
9 922
9 923
9 924
9 925
9 926
9 927